[[-1.11415682 -0.19599586  0.79229275  0.59729523  2.11407552]
 [ 0.52864429  1.65154416  0.13329139 -0.74620883  0.61967313]
 [ 0.91234986  0.03147107 -0.46092225  0.36733137 -0.02117667]
 [ 0.49516551  1.07311719 -0.72722439 -0.57070616  0.92459259]]
[[ 0.7966794  -0.43034285  0.89744568  0.73444965  0.8152616 ]
 [ 0.09662797 -2.18693412 -0.45462721  0.19561334  0.4108658 ]
 [ 1.23867641  1.80228584 -0.0640673  -0.29800136  0.71901177]
 [-0.42600131 -0.11770416  1.02105862  0.99787948 -0.33474231]
 [ 0.13217417  1.47067087  0.38473869 -0.42383192  0.25558521]]
[[ 1.1022046 ]
 [-0.01400668]
 [-0.63100928]
 [-0.31696727]
 [-0.35618402]]
[[1.57819588 0.8509357  1.03585406 0.9454116  0.79184522]]
[[0.91489423 1.32703944 1.12076229 0.99491449 0.80370371]]
[[0.43934817]]
9746
[[-1.1603145  -0.16402506  0.92970223  0.58469142  2.02465335]
 [ 0.43400203  1.37653109  0.28272366 -0.80887997  0.68755915]
 [ 0.81605601  0.05588217 -0.58774224  0.38237163  0.06768167]
 [ 0.45318592  1.0318561  -0.67815619 -0.6425765   1.09366304]]
[[ 0.80622757 -0.45307494  0.96496372  0.72172382  0.79837541]
 [ 0.11559633 -2.1950416  -0.58542505  0.21510204  0.50965819]
 [ 1.15369575  1.87358218 -0.10713035 -0.49720392  0.700695  ]
 [-0.47605712 -0.12491482  0.80134414  0.79083833 -0.35122372]
 [ 0.12200444  1.57258543  0.48443492 -0.56010515  0.32364071]]
[[ 1.0613743 ]
 [-0.02034038]
 [-0.67827341]
 [-0.26313772]
 [-0.38953691]]
[[1.57106211 0.8866178  1.19964672 1.05237715 0.83277878]]
[[0.85930723 1.4218792  1.0469616  0.97366629 0.65848575]]
[[0.49957858]]
15294
[[-1.22537213  0.01951019  0.83231209  0.49570392  1.99893806]
 [ 0.36775237  1.32803681  0.25646023 -0.92122523  0.67297543]
 [ 0.82220236  0.07740149 -0.68326979  0.4427115   0.01940997]
 [ 0.61243102  0.97398536 -0.52717643 -0.55743264  1.13948439]]
[[ 0.85566896 -0.53110295  0.83895687  0.6391605   0.82637549]
 [ 0.07647131 -2.14874557 -0.57628176  0.24957022  0.55497169]
 [ 1.10426968  1.77048938 -0.12560996 -0.41837887  0.63186691]
 [-0.51075523 -0.12180958  0.85826244  0.7870419  -0.33286672]
 [ 0.19596012  1.48134574  0.49756245 -0.36543294  0.29472658]]
[[ 1.02372391]
 [-0.00550479]
 [-0.64667936]
 [-0.22331349]
 [-0.40502886]]
[[1.61776233 0.92286033 1.16725758 1.21732401 0.8070871 ]]
[[0.94804659 1.48592885 0.97075708 0.96636864 0.71840918]]
[[0.44390797]]
27655
[[-1.0510577  -0.46187098  0.90796335  0.6942918   1.60726792]
 [ 0.76546143  1.36380713  0.36106261 -0.99275188  1.04604643]
 [ 0.80228084  0.19671268 -0.96979311  0.56678001 -0.05947977]
 [ 1.13010779  0.80133498 -1.06293682 -0.56725513  1.32563018]]
[[ 0.39797155  0.15438851  1.18109281  0.53840422  1.04832876]
 [-0.37619877 -2.28270193 -0.80703506  0.70446259  0.29423036]
 [ 0.83768555  2.14751767 -0.32842349 -0.43580968  0.90719742]
 [-1.12258498 -0.38561696  1.05191455  0.85220105  0.05581678]
 [ 0.62418554  1.23720447  0.87075236 -0.480304    0.2090951 ]]
[[ 1.55556716]
 [-0.05178821]
 [-0.73712133]
 [-0.31451866]
 [ 0.07261203]]
[[1.80829144 0.83775179 1.7294576  1.02367358 0.79904655]]
[[0.62104757 1.44951062 0.87978861 0.73142773 0.58756745]]
[[0.21233696]]
47746
[[-1.90223681e-01  3.98999065e-02 -1.33930112e-01 -6.73181000e-01]
 [ 1.11259377e-03  7.32958896e-01 -1.57553053e+00 -1.57277103e+00]]
[[-0.65219369  0.87088885 -0.34851961  0.19231149]
 [-0.37020112 -1.72997599 -0.0366937  -0.30969133]
 [ 1.02460465 -0.87007023  0.2175766   0.00801912]
 [ 0.73813346  1.41494694  0.17924859 -0.1355378 ]]
[[-1.3660851 ]
 [-2.52072922]
 [-1.96466643]
 [-1.67931353]]
[[ 0.00667681  0.00191526 -0.00957403 -0.03704852]]
[[ 0.01822369 -0.01561381 -0.01334471  0.02069137]]
[[0.02402228]]
11353
[[-0.20617942  0.04406849 -0.13088724 -0.67474345]
 [ 0.01434777  0.72895108 -1.57380637 -1.5796423 ]]
[[-0.650434    0.85842015 -0.34419882  0.18691728]
 [-0.34627465 -1.71866502 -0.02556236 -0.29926091]
 [ 1.01651924 -0.87579662  0.21594731  0.01610902]
 [ 0.73960269  1.42607201  0.18186896 -0.14039138]]
[[-1.36808861]
 [-2.52174425]
 [-1.96320819]
 [-1.67415655]]
[[ 0.02343416  0.00686512 -0.00502362 -0.01335499]]
[[ 0.01601    -0.03497877 -0.01413531  0.02117493]]
[[0.02017959]]
40534
[[-1.81314383e-01  3.93494786e-02 -1.31152273e-01 -6.82766842e-01]
 [ 1.54345548e-03  7.26117914e-01 -1.56933471e+00 -1.56571684e+00]]
[[-0.65627134  0.87371342 -0.34777912  0.19281953]
 [-0.36737884 -1.73035903 -0.04855381 -0.31121539]
 [ 1.03605432 -0.86861427  0.21599164  0.01295636]
 [ 0.73134557  1.4133982   0.18249701 -0.14329123]]
[[-1.36470083]
 [-2.51359296]
 [-1.9615388 ]
 [-1.67390089]]
[[ 0.00765569  0.00308304 -0.01116839 -0.03792128]]
[[ 0.01241024 -0.00843991 -0.01357077  0.02173035]]
[[0.01920147]]
129207
[[-0.69570502  0.04231101 -0.2387291  -1.33007515]
 [-1.36053576  0.50328693 -1.79998446 -0.40181257]]
[[ 1.2340705  -0.49350752  0.45259654  0.53372352]
 [-1.27443324  1.95281373  0.16245647  1.57246389]
 [-0.72284511 -0.81485097 -1.55572924  0.14849332]
 [ 0.26971111  1.55074093  0.29899951  0.57704535]]
[[ 1.0400288 ]
 [ 1.01083056]
 [-0.9143602 ]
 [-0.67230895]]
[[ 0.12126502  0.04579494 -0.09801439 -0.05074228]]
[[-0.09333804  0.03534899 -0.02633096  0.00627359]]
[[-0.04687146]]
12684
(168, 169, 195)
[[ 0.69071067 -0.08485415  0.55596643 -0.0084665 ]
 [-0.30104734  0.6717785   1.24398862 -0.84594329]]
[[-0.20384954 -0.60840407 -1.55190137  0.25243022]
 [-0.04363806  1.44735667  0.40459897 -0.8144643 ]
 [ 1.30505373  0.43674955 -0.42874484 -0.05182257]
 [-0.59871094  0.91332598  1.20257315  0.50340275]]
[[ 0.83855688]
 [ 0.02963601]
 [-1.09990474]
 [-0.50550765]]
[[0.24557617 0.11259813 0.10783239 0.07093388]]
[[ 0.07555521  0.33096984 -0.0129204   0.07000216]]
[[-0.18317557]]
88591
(168, 159, 195)
[[ 0.75876716 -0.10427119  0.56507005 -0.03471432]
 [-0.3635216   0.59899479  1.22550553 -0.77671887]]
[[-0.3524005  -0.6200648  -1.52580673  0.27628434]
 [-0.03952245  1.43628475  0.4770638  -0.8253922 ]
 [ 1.31774111  0.44068543 -0.43641987 -0.12276713]
 [-0.63040347  0.87843138  1.2394472   0.41172484]]
[[ 0.76833133]
 [ 0.01194123]
 [-1.05632643]
 [-0.47943626]]
[[0.21111148 0.09375288 0.14106793 0.06999388]]
[[0.0648624  0.27104776 0.00565319 0.0690982 ]]
[[-0.1721792]]
195357
(168, 244, 100)
[[ 0.01917574 -0.49887354 -0.51232815 -0.02618537]
 [-0.43160108 -0.3836691   0.6120281  -0.44777989]]
[[ 2.46774554  1.3065281  -0.12296673  0.51362735]
 [-0.16226439 -0.73345847  1.11275249  2.2114245 ]
 [-1.22292051 -1.06211078  0.68863074 -0.33739327]
 [-0.53405002 -0.66375528  0.30780124  0.18468525]]
[[-0.14605179]
 [-0.23071294]
 [ 0.49508609]
 [-0.50080136]]
[[0. 0. 0. 0.]]
[[0. 0. 0. 0.]]
[[0.]]
8529
(32, 88, 157)
[[ 0.02176012  0.34492436  0.04925324  0.23517682]
 [-1.9787393   1.05560463 -0.2131548  -0.21468256]]
[[ 0.54813333  1.46055611 -1.84567748 -0.07436837]
 [-0.24002364  1.39852937  0.16614801 -1.08141159]
 [-0.01337942 -0.70218158  1.13167371  0.29631839]
 [ 0.30072883 -2.59335204 -0.47019165 -0.03698232]]
[[-0.45457963]
 [ 0.4992461 ]
 [ 0.12576426]
 [-1.80482542]]
[[-0.05211221 -0.02525989  0.11241833 -0.02945045]]
[[ 0.08440989  0.12638042 -0.01637955  0.01760887]]
[[-0.00597272]]
103531
(14, 21, 249)
[[ 0.32782618  0.95497231  0.62908955 -0.36005071]
 [-0.79313363  1.36813241 -1.358217   -0.07071243]]
[[-0.04486605  1.360921   -0.62036    -0.80847577]
 [-1.68131645  0.69374078 -0.26191411 -1.25512582]
 [ 1.23921185 -1.20671653  0.08203548 -1.5609084 ]
 [ 0.34682325 -0.31925046 -0.54269866 -0.13224713]]
[[-0.02006827]
 [ 0.75296029]
 [-0.3174284 ]
 [-0.44549231]]
[[0. 0. 0. 0.]]
[[0. 0. 0. 0.]]
[[0.]]
8319
(151, 206, 79)
[[-0.36483501  1.12822195  0.09400997 -0.30804741]
 [ 0.3986304  -1.86304571  2.03188848  0.02878536]]
[[ 0.99082423  1.05255934  0.10830389  0.51531484]
 [-1.12354746  0.10984824 -0.4739954  -0.23497314]
 [ 0.24358067 -0.37604135 -1.07015124 -1.1722527 ]
 [ 1.50711339  0.49774852  0.69881838 -0.52153456]]
[[ 1.99933664]
 [-1.57055818]
 [-0.85626322]
 [-0.34842623]]
[[-0.12785322 -0.03928521 -0.05647417  0.00638061]]
[[-0.06134489 -0.01030534  0.02486818  0.2466515 ]]
[[0.08283958]]
10060
(147, 136, 92)
[[-0.33819495  1.12747982  0.09513465 -0.3145915 ]
 [ 0.40474643 -1.86641465  2.02986756  0.02525192]]
[[ 0.9772034   1.06961516  0.10355522  0.52491928]
 [-1.12417226  0.10999825 -0.48439322 -0.23457812]
 [ 0.24849462 -0.36620113 -1.07368794 -1.1730864 ]
 [ 1.507575    0.50974109  0.68666271 -0.52918766]]
[[ 1.99296989]
 [-1.57735351]
 [-0.8630359 ]
 [-0.34754032]]
[[-0.13237115 -0.03642111 -0.04620403 -0.01185252]]
[[-0.06256531  0.00572453  0.0190137   0.25503968]]
[[0.09452791]]
17765
(184, 147, 108)
[[-0.31858234  1.1391377   0.13496141 -0.26502428]
 [ 0.41227851 -1.9086065   2.04524352  0.03674699]]
[[ 0.96289225  1.11711622  0.10889534  0.55727756]
 [-1.09632724  0.1026658  -0.57171563 -0.2621208 ]
 [ 0.23923951 -0.35338782 -1.03721374 -1.13684577]
 [ 1.51801866  0.51067524  0.71769862 -0.58432335]]
[[ 1.98047919]
 [-1.56881237]
 [-0.87261953]
 [-0.28221835]]
[[-0.12113142 -0.03618393 -0.05462742 -0.0644837 ]]
[[-0.04439224  0.01687394  0.05513715  0.23581832]]
[[0.09052457]]
92415
(184, 212, 108)
[[-0.14697169 -1.05446859  0.24986416  0.44772215]
 [ 2.76615697  0.88666296  0.89525585  2.00038914]]
[[-0.31175578 -0.46013304  0.26444265 -0.0268255 ]
 [ 0.19020795 -2.65741781  1.4322582   0.74516215]
 [-0.3113218   0.49224088 -0.38399346  0.00700062]
 [-0.00533273  0.31169903  0.409224   -0.64197086]]
[[ 0.44708143]
 [-0.20467914]
 [ 0.50071205]
 [-1.75252799]]
[[0. 0. 0. 0.]]
[[0. 0. 0. 0.]]
[[0.]]
8319
(126, 21, 85)
[[-0.05698165 -0.17009212 -1.01938093  0.85531581]
 [ 1.58777709  0.06159954  1.09440658 -0.22876942]]
[[-1.28667106 -1.82440719 -0.2333001  -1.05430787]
 [ 1.01722555  0.23944186  0.04404119 -0.5843311 ]
 [-1.5484507   1.08128161  0.10998103  1.42765223]
 [ 0.21230355 -0.17884931 -1.37938865 -0.46588614]]
[[-0.25835786]
 [-0.50381905]
 [ 0.32168606]
 [ 0.38562669]]
[[-0.00127912  0.06468839  0.07059205  0.06170151]]
[[-0.02292919  0.04690544 -0.02758811 -0.01532552]]
[[0.00852929]]
16533
(131, 21, 85)
[[ 0.14233056  0.06080042 -0.65305409  0.12803302]
 [ 1.44701502  0.51025842  0.39912754 -0.56361114]]
[[-1.07525316 -1.42480395 -0.14265802 -0.65398746]
 [ 0.76932411  0.37984936  0.22351457 -0.73997616]
 [-0.972458    0.7406062  -0.1687716   0.87061356]
 [ 0.16065174  0.06250225 -1.36071619 -0.7844765 ]]
[[-0.22179952]
 [-0.55725436]
 [ 0.58407382]
 [-0.14730815]]
[[-0.00030767  0.04764822  0.05899574  0.06636875]]
[[ 0.05475238  0.0994686  -0.07134989 -0.05318897]]
[[0.04490497]]
36643
(154, 122, 60)
[[ 0.89649105 -0.59423008  1.06232579  0.09340664]
 [-0.3268443   0.54949293 -0.97658045  1.11204194]]
[[ 0.53574941 -0.72626567  0.94704889 -0.73945489]
 [-0.0131355  -0.79035751 -0.15084084 -1.02738663]
 [-0.16980906  0.77609679 -0.36679739  0.68880266]
 [-0.66518242 -0.68571974  1.49567008 -0.45014837]]
[[-0.90171519]
 [-0.66385833]
 [ 0.92132694]
 [-0.58087466]]
[[ 0.10081553 -0.0645515  -0.21974048 -0.0929034 ]]
[[-0.05283593  0.12529872 -0.18678904 -0.11369797]]
[[0.04171829]]
8319
(109, 39, 51)
[[ 0.82279842 -0.53036655  1.10849529  0.01601214]
 [-0.3670106   0.55810516 -1.01252334  1.05341808]]
[[ 0.46689693 -0.64510856  1.04873746 -0.7224857 ]
 [ 0.07509572 -0.68036668  0.12212836 -0.97360807]
 [-0.06719743  0.83344483 -0.28833465  0.71360578]
 [-0.58200566 -0.64882775  1.19978294 -0.57405988]]
[[-0.86151887]
 [-0.61410209]
 [ 0.86569087]
 [-0.67028287]]
[[ 0.00372269 -0.00599078 -0.05800532  0.02476195]]
[[-0.09379734  0.00128137 -0.06169419  0.01280092]]
[[-0.0455145]]
16496
(189, 134, 71)
[[ 0.61603323 -0.67393355  1.07975089  0.05958846]
 [-0.24561916  0.61143487 -1.22616576  1.05635631]]
[[ 0.59344577 -0.61669262  1.18514436 -0.72021246]
 [ 0.07129023 -0.78363356  0.12119179 -0.96735518]
 [-0.09149484  0.85613566 -0.10005361  0.5040269 ]
 [-0.51335699 -0.82666354  1.21898029 -0.56719359]]
[[-0.72684776]
 [-0.77894088]
 [ 0.93864588]
 [-0.59650923]]
[[-0.05687825 -0.03863694 -0.04042855 -0.00175141]]
[[-0.19661412  0.00685077  0.00218129 -0.06140829]]
[[-0.04820317]]
76647
(104, 134, 166)
[[-0.44529036 -0.35329468  0.06277195 -0.32558884]
 [ 1.13062879 -0.18869583 -1.53912412  1.81662942]]
[[-0.32261705 -1.98032886  0.99677188 -1.34281441]
 [-1.50808442  0.24548413  1.13690518  0.67461383]
 [-1.44308675 -0.97188774  1.50353954  1.20548859]
 [ 1.83120614 -0.59484641 -1.80931971 -0.2828578 ]]
[[ 0.22595561]
 [ 0.49035608]
 [-0.3260563 ]
 [-0.23714715]]
[[0.07668019 0.10606704 0.01399818 0.03028069]]
[[-0.07797299 -0.02355406  0.15783204 -0.08923479]]
[[0.06667779]]
31987
(148, 17, 20)
[[ 0.2807832   0.05341427  0.1087312  -0.72873983]
 [ 0.47181535 -0.29862544  1.32606461 -0.38887099]]
[[ 0.99290841  0.2892759   1.12015782  1.12137617]
 [-1.4853508  -0.46823219  0.67313236 -0.17455313]
 [ 0.80825903 -0.82022523  1.07336901  0.35371652]
 [-1.19333632 -1.55903013  0.03129426 -1.17303991]]
[[ 1.12596654]
 [ 0.89180856]
 [-0.36078961]
 [ 0.2807357 ]]
[[-0.15443034 -0.10257379  0.00213357 -0.17580574]]
[[0.00832006 0.03815067 0.15504076 0.08952094]]
[[-0.0158416]]
113439
(176, 203, 67)
[[ 0.07394957  0.95336637 -0.68015561 -0.26303329]
 [-1.64007184  2.58070751 -0.17625948  0.70378558]]
[[-1.0340767  -0.19018646 -0.44867962 -0.27469041]
 [ 0.64573966  0.92672384  1.07394536 -0.18748557]
 [-0.55893545  0.28935555  0.54187367 -0.01442448]
 [ 1.99810752 -0.70098685  1.94282673  0.21546534]]
[[ 1.25274348]
 [ 0.63593302]
 [-0.98722181]
 [ 2.16647261]]
[[-0.05859217 -0.00383961 -0.04785302  0.02337344]]
[[-0.01744574  0.09787903  0.11989273 -0.04019012]]
[[0.02059899]]
10081
(99, 5, 51)
[[ 1.58962716  0.95781214 -0.40241811  1.11021001]
 [ 2.3965387  -0.81133129  0.23498096 -0.31602646]]
[[ 8.58203888e-01 -5.79968665e-01 -3.83672915e-01 -2.45954929e-01]
 [ 1.85485512e-01  5.39631214e-02  1.81102981e+00  4.55805091e-01]
 [-3.99746346e-01  5.95725643e-01  5.05748737e-01 -1.19518596e+00]
 [-1.60785969e-01  4.50189176e-02  6.09198907e-01  5.03218872e-04]]
[[ 1.07101579]
 [-1.22534548]
 [-0.84237918]
 [-0.1412316 ]]
[[-0.08623404  0.06937113 -0.201346    0.02912678]]
[[-0.03003066  0.09784977 -0.06947545 -0.00557811]]
[[0.11057745]]
26715
(104, 141, 8)
[[ 0.10259569  0.97613627 -1.04750032  0.50992813]
 [-1.14341577 -1.28487362 -0.54942222  1.92916857]]
[[ 0.17832863 -0.29773317 -0.29881789 -1.05227863]
 [ 0.66052807  0.20042002 -0.54558812 -1.05700971]
 [ 0.38886536  0.61960117 -0.35995993 -0.26401674]
 [-1.42737013 -1.79400404  0.03195711 -0.08576713]]
[[-1.55779948]
 [ 0.28902605]
 [ 1.37150176]
 [ 1.39128324]]
[[0. 0. 0. 0.]]
[[0. 0. 0. 0.]]
[[0.]]
8410
(119, 151, 66)
[[-1.42059239e-03  9.89513226e-04  2.75882297e-01 -2.64463211e-01]
 [-3.00344523e-01  1.50938024e-01  1.41360143e+00  2.55732937e-01]]
[[ 0.90453215 -1.22061269 -1.7834654   0.48915647]
 [-0.55649214  0.40385898 -0.66437492  1.12667054]
 [-0.80450964 -0.81461431  1.53318238  1.15810058]
 [ 2.00571114 -1.84422004 -2.1067131  -0.10889077]]
[[-2.01269709]
 [ 1.04423988]
 [ 0.47045798]
 [ 0.30047124]]
[[-0.00838312 -0.01978201  0.09602291 -0.10110904]]
[[ 0.11731389 -0.06455021 -0.04883365 -0.10497815]]
[[-0.12501921]]
20853
(76, 29, 121)
[[-1.05229425e+00 -2.34964162e-01  6.27682983e-02 -1.57717457e-03]
 [-5.54031058e-01  2.38250702e-01 -9.85613798e-01  1.84432177e+00]]
[[ 0.66170118  1.6246396  -0.44459896 -0.21849388]
 [-0.72408668 -0.35173025 -0.26000938  0.20468791]
 [-1.08077244  0.42982231  0.96571941 -0.58630917]
 [-0.46846194  0.69262833 -1.33005064 -0.29668174]]
[[ 1.07080808]
 [ 0.33291474]
 [-1.42663539]
 [-1.12258245]]
[[-0.16005161  0.17895054  0.10886231 -0.02630048]]
[[ 0.03580953  0.14791704 -0.11646479 -0.12880709]]
[[-0.04948206]]
49510
(77, 147, 28)
[[ 0.50250574 -0.20753706 -1.2563533   0.49001453]
 [ 0.3313635  -1.23753557 -0.27385938  2.96464801]]
[[ 0.04000365  0.70628714 -0.21433823 -0.80870361]
 [ 1.0157379   0.49712624  0.94491497 -0.1741153 ]
 [-0.54517939 -0.19630371 -0.25876958 -1.09012836]
 [ 1.75594062 -0.82234337  1.8695708  -0.48521762]]
[[-0.01980485]
 [-1.45625272]
 [ 0.94268169]
 [-0.08174446]]
[[ 0.13515998 -0.08648405  0.07938218  0.11922282]]
[[ 0.17884547  0.10415239 -0.20190161 -0.03962152]]
[[-0.10127943]]
8319
(209, 141, 189)
[[ 0.55329439 -0.30094618 -1.27350399  0.5301488 ]
 [ 0.3254685  -1.23694092 -0.24173372  3.1112308 ]]
[[-0.03699424  0.79258577 -0.24377413 -0.5900405 ]
 [ 0.87143903  0.61864725  1.0486203  -0.32226355]
 [-0.54214851 -0.24016467 -0.14772383 -1.06862873]
 [ 1.78428097 -0.90511272  1.75269531 -0.36987533]]
[[-0.14806895]
 [-1.43579388]
 [ 1.00086329]
 [-0.0295989 ]]
[[0.145714   0.08856817 0.02398964 0.14510865]]
[[ 0.16417192  0.15870066 -0.15791521 -0.06723774]]
[[-0.17822137]]
19166
(209, 141, 209)
[[ 0.47553461 -0.19524415 -1.30466196  0.51662844]
 [ 0.34293799 -1.21076659 -0.21714281  2.98172246]]
[[ 0.02963182  0.72020122 -0.1836994  -0.81660374]
 [ 1.00227072  0.5106723   1.04483474 -0.24774808]
 [-0.53993004 -0.33366824 -0.29170786 -1.10280479]
 [ 1.81234051 -0.99077805  1.74373589 -0.50187978]]
[[ 0.06954664]
 [-1.46859945]
 [ 0.84534753]
 [-0.07780486]]
[[ 0.13768365 -0.10962234  0.05409873  0.07063594]]
[[ 0.1120159   0.11021143 -0.25496373 -0.02737894]]
[[-0.0622394]]
29343
(209, 91, 34)
[[ 0.58726083 -0.20937688 -1.32088382  0.5599424 ]
 [ 0.43262935 -1.16039687 -0.19149769  3.11319303]]
[[ 0.02165276  0.76379577 -0.15420115 -0.77139144]
 [ 0.92404757  0.61329197  0.96039276 -0.34818396]
 [-0.47140957 -0.33186452 -0.24872749 -1.13949583]
 [ 1.88523207 -1.04000645  1.64940146 -0.44032718]]
[[ 0.05002746]
 [-1.46586039]
 [ 0.8677847 ]
 [-0.02208617]]
[[ 0.09601308 -0.07669583  0.04611236  0.01088266]]
[[ 0.11913303  0.09919244 -0.20799913 -0.05708079]]
[[-0.00868726]]
44255
(209, 106, 59)
[[ 0.55502538 -0.13834314 -1.20237567  0.65161034]
 [ 0.3855084  -1.2129746  -0.19784797  3.1514709 ]]
[[-0.02796315  0.70296214 -0.22058664 -0.69903055]
 [ 0.83577138  0.64806734  1.09986757 -0.26168512]
 [-0.63544572 -0.27775139 -0.34033609 -1.07543862]
 [ 1.98659314 -1.06110094  1.76624981 -0.65577042]]
[[ 0.22177226]
 [-1.40906265]
 [ 0.83854985]
 [-0.02474814]]
[[ 0.13889308 -0.01608713 -0.04110841 -0.02549902]]
[[-0.03061707  0.11566988 -0.24397377 -0.0381812 ]]
[[0.12168276]]
67575
(209, 106, 89)
[[ 0.76547453 -0.27930791 -1.28949623  0.53227711]
 [ 0.4826408  -1.18202403 -0.23576166  3.27458715]]
[[ 0.04288657  0.75611915 -0.21479053 -0.65123452]
 [ 0.86072444  0.76133172  0.76960137 -0.44008238]
 [-0.39187821 -0.262907   -0.16858882 -1.1110668 ]
 [ 1.85802212 -0.93066798  1.71674927 -0.41802655]]
[[-0.08700072]
 [-1.44966773]
 [ 0.95252922]
 [ 0.14336265]]
[[ 0.04298058 -0.01718149  0.06873467  0.00549062]]
[[ 0.2609777   0.13783045 -0.13393866 -0.21093305]]
[[0.02833496]]
126939
(134, 106, 34)
[[ 0.13058617  0.05962705 -0.36650829 -0.26032325]
 [-1.34123805  0.68641399 -0.03518249 -1.80769731]]
[[ 0.95339541  0.78273157  0.87596733 -0.45759947]
 [ 0.43868665 -0.94897226  1.78190561 -0.13896187]
 [ 0.12053413 -0.41444062 -1.38542358 -1.91257234]
 [-0.0303282   1.3486559   1.0372576   0.03795517]]
[[ 0.03007704]
 [-0.94760211]
 [ 0.43025781]
 [-0.51185842]]
[[-0.088959   -0.00316464  0.01811801  0.07127725]]
[[ 0.0188614   0.01256455 -0.04513047  0.00289807]]
[[0.02852515]]
8460
(202, 53, 163)
[[ 2.24177650e-01  1.44824519e-01 -5.47476754e-01 -5.06576647e-01]
 [-1.52625352e+00  6.71796735e-01 -2.50563286e-04 -1.82892244e+00]]
[[ 0.98932494  0.78286493  0.86046181 -0.6322137 ]
 [ 0.40211085 -1.00162882  1.62095969 -0.18180052]
 [-0.03354507 -0.38395544 -1.58074431 -1.94283501]
 [-0.19002902  1.28924177  0.90879901 -0.01424313]]
[[ 0.04470303]
 [-0.94258318]
 [ 0.29775165]
 [-0.57304285]]
[[0.02758374 0.1541104  0.01923554 0.05655609]]
[[-0.08805068  0.23219894 -0.01586144 -0.04253234]]
[[0.03384975]]
13575
(182, 101, 166)
[[ 0.12003462  0.15333943 -0.52463523 -0.28351909]
 [-1.38678196  0.74673971  0.01939755 -1.89880927]]
[[ 0.88890014  0.75210923  0.69418043 -0.47851153]
 [ 0.50884742 -0.89078404  1.70096063 -0.28327587]
 [ 0.1332717  -0.46172983 -1.42312247 -2.10617996]
 [ 0.07635221  1.32749451  0.98183814  0.05139628]]
[[-0.11247966]
 [-0.97025575]
 [ 0.33617068]
 [-0.5410439 ]]
[[-0.03224144  0.01532601 -0.14534458  0.06679642]]
[[-0.10875835 -0.08316402 -0.00727792 -0.04574589]]
[[-0.03275534]]
20588
(142, 118, 93)
[[ 0.17004966  0.1173292  -0.47123273 -0.40485133]
 [-1.48003927  0.78772978 -0.11828431 -1.79831496]]
[[ 0.93214412  0.80304559  0.78081173 -0.53128739]
 [ 0.396945   -0.89670596  1.59934308 -0.16424841]
 [-0.02877184 -0.43541124 -1.50024516 -1.92825478]
 [-0.07074164  1.35022338  0.93350174 -0.01626476]]
[[-0.03466645]
 [-0.90666718]
 [ 0.25645991]
 [-0.61401372]]
[[0.01060001 0.06096521 0.00644085 0.00229793]]
[[-0.01901721  0.13935095  0.055621    0.00026142]]
[[-0.0081982]]
48170
(202, 43, 93)
[[ 0.1563291   0.08160116 -0.49591033 -0.44772567]
 [-1.43161584  0.72485584 -0.11202797 -1.83563313]]
[[ 0.92126186  0.82648066  0.73994382 -0.50042843]
 [ 0.44165166 -0.86414475  1.58141926 -0.13849421]
 [-0.04017714 -0.40865741 -1.48617705 -1.95674847]
 [-0.0553167   1.44686669  0.96842275 -0.02227769]]
[[-0.02121567]
 [-0.930215  ]
 [ 0.19358093]
 [-0.63101334]]
[[-0.00481942  0.05048117  0.05038291  0.01987814]]
[[-0.02943342  0.14548115  0.08366941 -0.01667016]]
[[0.02693512]]
102927
(207, 38, 190)
[[-0.18952433 -1.87750618 -0.12127258 -0.10623721]
 [ 0.58458007  0.04573509 -0.92096738 -0.93309992]]
[[ 0.47731804  0.32378348  0.14298854  1.08619251]
 [-0.86956211 -0.68881771 -0.79449801 -1.02139893]
 [-0.91827006 -0.24102791 -0.20971286 -0.02075624]
 [ 1.09069669 -0.12751992  1.48005344 -0.74913523]]
[[-0.14204521]
 [ 2.55647005]
 [-1.79006228]
 [ 0.52169299]]
[[-0.03442598 -0.21513066  0.08600708  0.07854137]]
[[ 0.08261218 -0.18479528  0.02742211  0.14775891]]
[[0.08090805]]
11197
(101, 16, 64)
[[-0.30366856 -1.88871619 -0.02413672 -0.07262087]
 [ 0.65949812 -0.06649994 -0.95856289 -0.67908463]]
[[ 0.45840612  0.26709941 -0.00738245  1.10329125]
 [-0.77838381 -0.59769641 -0.6881484  -1.0644057 ]
 [-0.8957987  -0.2791149  -0.31606164 -0.0648162 ]
 [ 1.05889993 -0.164769    1.36219011 -0.65357277]]
[[-0.24038835]
 [ 2.74786406]
 [-1.70851961]
 [ 0.51936055]]
[[-0.03406909 -0.10013501 -0.02547023  0.03142502]]
[[0.06806783 0.03220937 0.06612346 0.06000514]]
[[0.01175431]]
24342
(66, 23, 131)
[[-0.11206203 -1.87929416 -0.06829553 -0.12407584]
 [ 0.66924086 -0.02549092 -0.86858329 -0.85670526]]
[[ 0.35567046  0.34145707  0.25020035  1.10902621]
 [-0.66750231 -0.69628612 -0.56812926 -0.92151271]
 [-1.00846389 -0.21406905 -0.31428911  0.03848653]
 [ 1.09865899  0.03770465  1.51939984 -0.89475263]]
[[-0.08649403]
 [ 2.5472592 ]
 [-1.74997222]
 [ 0.7019724 ]]
[[ 0.06130325 -0.18431654  0.03997239  0.13009578]]
[[-0.0697311  -0.07274999 -0.06427063  0.18634774]]
[[0.02521858]]
63507
(116, 51, 141)
[[-0.10422855 -1.87861416 -0.06548531 -0.12568032]
 [ 0.67294746 -0.02417508 -0.86410891 -0.85740727]]
[[ 0.35744821  0.34415606  0.24856411  1.10917785]
 [-0.66498298 -0.69991486 -0.56574108 -0.91346157]
 [-1.00597354 -0.21174396 -0.32005222  0.03436556]
 [ 1.10081105  0.04439632  1.51756201 -0.89567088]]
[[-0.08706733]
 [ 2.54496174]
 [-1.74963715]
 [ 0.70201938]]
[[ 0.0602405  -0.18599266  0.03003193  0.12710704]]
[[-0.07670021 -0.07980025 -0.06651675  0.18564125]]
[[0.02078537]]
99431
(116, 51, 185)
[[ 0.09474092  0.31220826  0.08385342  2.0879065 ]
 [-0.71187323  0.91634236 -0.64607818 -1.3574768 ]]
[[-0.6186418  -2.19397579 -1.10833001  0.08976594]
 [ 0.49767286 -0.46341488 -0.38937405  1.3778036 ]
 [-0.53648179 -0.49609675  0.0786459   0.70360372]
 [ 0.33914954  0.62466935 -0.87527862 -0.07481818]]
[[ 0.33104653]
 [-0.55444935]
 [-0.69878941]
 [ 0.77529052]]
[[ 0.09821934  0.02395916 -0.04698116  0.04948908]]
[[-0.01187024 -0.01999827  0.08719628 -0.07423729]]
[[-0.02091223]]
19214
(28, 110, 160)
[[ 0.09641706  0.29514549  0.07063472  2.0742401 ]
 [-0.72216634  0.93240063 -0.63172631 -1.35552215]]
[[-0.60346963 -2.20815855 -1.11565205  0.05872989]
 [ 0.51345714 -0.47817834 -0.37022292  1.39354406]
 [-0.53463006 -0.51094431  0.08289938  0.70414066]
 [ 0.32751663  0.6186182  -0.8822897  -0.06182023]]
[[ 0.32857137]
 [-0.54855115]
 [-0.68306517]
 [ 0.77203431]]
[[ 0.10011108  0.03408327 -0.02658472  0.0502024 ]]
[[-0.03291255 -0.02061346  0.05997805 -0.06524977]]
[[-0.03504732]]
56049
(70, 201, 207)
[[-0.37999349  0.60733748  1.19802176  0.26638324]
 [-0.69136667 -0.59194618 -1.06656089  1.18444287]]
[[-1.36607967  0.61930211  0.31156306 -2.05984176]
 [ 0.15795677  0.38753868 -0.0464105   0.16220136]
 [-2.08510886 -0.45838777  1.66033275  0.89467364]
 [-1.17563369  0.96419502 -0.51848863  0.54032397]]
[[ 1.46046719]
 [ 0.64282818]
 [-0.87968004]
 [ 1.12890453]]
[[ 0.04817823 -0.00041795  0.01461319  0.06715535]]
[[ 0.07854216  0.00564626  0.05893579 -0.02520606]]
[[-0.06971954]]
8154
(71, 209, 165)
[[-0.37759604  0.66717364  1.25123284  0.31214303]
 [-0.72142223 -0.54403543 -1.09105571  1.26063518]]
[[-1.44882013  0.51282366  0.21530162 -2.02321106]
 [ 0.29488804  0.4727553  -0.16952265  0.15487595]
 [-2.31565294 -0.35885581  1.55977165  0.81756905]
 [-1.29934005  0.98959126 -0.63478421  0.58616229]]
[[ 1.47784906]
 [ 0.59069001]
 [-0.95216998]
 [ 1.19597117]]
[[ 0.05064901  0.03138321 -0.0756183   0.01697229]]
[[-0.03565755  0.01161099  0.09904712  0.0458637 ]]
[[-0.0340481]]
13575
(161, 209, 180)
[[-0.36321539  0.55415663  1.244694    0.40085629]
 [-0.76040522 -0.62888014 -1.00968808  1.13068087]]
[[-1.38179067  0.63996382  0.16947937 -2.22411852]
 [ 0.27648382  0.43119952 -0.03514535  0.09899299]
 [-2.32874489 -0.36354156  1.55462922  0.7886459 ]
 [-1.19991355  1.04765956 -0.48238709  0.50108538]]
[[ 1.54015145]
 [ 0.65207651]
 [-0.88188211]
 [ 1.19501806]]
[[0.04336195 0.03136059 0.03616428 0.15857313]]
[[-0.04347114 -0.02835749  0.24092879  0.02707736]]
[[-0.12328896]]
21459
(161, 209, 75)
[[-0.30687578  0.5613085   1.17944208  0.47285464]
 [-0.77947273 -0.56578342 -0.93050879  1.22773546]]
[[-1.40118182  0.63900391  0.12714441 -2.16420382]
 [ 0.22209342  0.32111013  0.01104256  0.11448516]
 [-2.28486586 -0.33923655  1.64178604  0.87504125]
 [-1.10932801  0.99885599 -0.51577505  0.61213001]]
[[ 1.53952641]
 [ 0.621182  ]
 [-0.87863053]
 [ 1.19625629]]
[[0.04115773 0.03004984 0.15750339 0.1714179 ]]
[[-0.02997487 -0.03368546  0.23245073 -0.00391237]]
[[-0.10514212]]
40427
(231, 209, 200)
[[-0.30602096  0.57519539  1.18198634  0.46367374]
 [-0.71971282 -0.56522992 -0.93209999  1.24208072]]
[[-1.43395235  0.61206918  0.15662108 -2.12881178]
 [ 0.28564334  0.31897584  0.01450336  0.13955975]
 [-2.2498777  -0.30875161  1.66657441  0.82776916]
 [-1.12692383  1.0002293  -0.51206949  0.59830466]]
[[ 1.58633056]
 [ 0.61916387]
 [-0.89545863]
 [ 1.18973088]]
[[0.05991024 0.02524639 0.13972807 0.16114198]]
[[ 0.00567428 -0.03089552  0.21705704  0.01786648]]
[[-0.07440615]]
113914
(231, 124, 200)
[[ 0.00977368  0.37810127 -1.1580809   0.81992606]
 [ 0.22938331 -0.72738129  1.28996342 -2.17993499]]
[[ 1.79142963  1.1794169   0.32106544  0.37194487]
 [-1.4260635  -0.0122357  -0.85084087  0.40708729]
 [-0.1485107  -1.03550673 -0.89803542 -1.25147286]
 [ 0.63198344  1.06996262  1.98893805  0.36625853]]
[[ 0.86049943]
 [ 0.1581333 ]
 [-0.62194536]
 [ 1.45629744]]
[[ 0.01585425 -0.0484226  -0.02261983 -0.01954943]]
[[ 0.01622087  0.06454846 -0.02484963 -0.04026426]]
[[-0.02922607]]
8319
(90, 58, 121)
[[ 0.11676524  0.3608739  -1.21208231  0.88114858]
 [ 0.31083787 -0.63148415  1.28025464 -2.16870159]]
[[ 1.80975557  1.01327353  0.28941619  0.42415264]
 [-1.39385394  0.07066599 -0.81337206  0.31660541]
 [ 0.01525696 -0.88356793 -0.82609685 -1.39946025]
 [ 0.53219899  1.15121884  2.07308457  0.26167561]]
[[ 0.89782763]
 [ 0.23449014]
 [-0.62024124]
 [ 1.56376744]]
[[ 0.02156342 -0.029677   -0.14705025 -0.24659497]]
[[-0.02285333  0.06342123  0.03051104 -0.05634499]]
[[-0.02425015]]
13672
(62, 168, 176)
[[ 0.24303743  0.29631891 -1.32101401  0.8074601 ]
 [ 0.55066087 -0.68560101  1.41879495 -2.23580843]]
[[ 1.95275381  1.01034353  0.01476981  0.41183937]
 [-1.46200421 -0.03355269 -0.75172831  0.28706198]
 [-0.04024065 -0.97403114 -0.93507627 -1.06909867]
 [ 0.72693987  1.30579613  2.12232619  0.38296763]]
[[ 0.85059321]
 [ 0.26682546]
 [-0.86749179]
 [ 1.15131365]]
[[ 0.09533775 -0.11971337  0.01208556 -0.24467515]]
[[-0.15803388 -0.04076954  0.05881187 -0.20535499]]
[[-0.05336369]]
42510
(62, 83, 81)
[[ 0.15988006  0.39662615 -1.28744213  0.76204137]
 [ 0.53621937 -0.68667952  1.18995011 -2.1995366 ]]
[[ 1.86760753  1.23011011  0.11245376  0.43455746]
 [-1.3488411   0.05688256 -0.90593694  0.3440683 ]
 [ 0.0539817  -0.98016491 -0.76493307 -1.06208803]
 [ 0.68593263  1.24976886  2.04467453  0.42089914]]
[[ 0.82959865]
 [ 0.04707758]
 [-0.75660809]
 [ 1.33096912]]
[[-0.00543658 -0.11076874 -0.24974379 -0.16367087]]
[[ 0.01136575 -0.06086741  0.01082935 -0.06282476]]
[[-0.0348942]]
137585
(32, 198, 181)
[[ 0.0814643   0.29757728 -1.27264537  0.81119705]
 [ 0.43150687 -0.6328787   1.26692181 -2.16351098]]
[[ 1.93407184  1.12808779  0.19064199  0.55869527]
 [-1.3473765   0.08454316 -0.9013337   0.4640072 ]
 [-0.00946654 -1.02387561 -0.78484515 -1.12166404]
 [ 0.62217557  1.24705928  2.04798263  0.40451176]]
[[ 0.83683145]
 [ 0.16907427]
 [-0.79004621]
 [ 1.31688196]]
[[-0.01961363 -0.079767   -0.10345742 -0.15512985]]
[[ 0.02026276  0.00569747 -0.03473063 -0.03400443]]
[[-0.01928966]]
207433
(32, 123, 91)
[[ 0.15186881 -1.00238556 -0.44652793  0.31072846]
 [ 0.35991091 -0.53679885 -0.31886907 -1.21514669]]
[[ 1.27308274 -1.37532892 -0.92731174 -0.43187161]
 [ 0.30157352 -0.19815535  0.64643681 -0.1613004 ]
 [ 1.63549278  0.54843666  0.20801256 -1.25907865]
 [-0.87374775 -0.67181534 -0.45138883 -2.55551583]]
[[ 0.22707389]
 [-0.15742389]
 [-2.17618989]
 [ 0.29271436]]
[[ 0.09402446 -0.03520865 -0.00527844 -0.12098607]]
[[-0.00346101  0.06480544  0.046664    0.01931632]]
[[-0.03027477]]
8319
(184, 119, 35)
[[ 0.15186881 -1.00238556 -0.44652793  0.31072846]
 [ 0.35991091 -0.53679885 -0.31886907 -1.21514669]]
[[ 1.27308274 -1.37532892 -0.92731174 -0.43187161]
 [ 0.30157352 -0.19815535  0.64643681 -0.1613004 ]
 [ 1.63549278  0.54843666  0.20801256 -1.25907865]
 [-0.87374775 -0.67181534 -0.45138883 -2.55551583]]
[[ 0.22707389]
 [-0.15742389]
 [-2.17618989]
 [ 0.29271436]]
[[ 0.09402446 -0.03520865 -0.00527844 -0.12098607]]
[[-0.00346101  0.06480544  0.046664    0.01931632]]
[[-0.03027477]]
16226
(231, 187, 125)
[[ 0.5133235   0.85420362  0.48556565  0.98778224]
 [ 0.86950144  0.50901     0.70644    -0.01117658]]
[[ 0.06793515  0.75279328  0.68711466 -0.67253849]
 [ 0.53485502 -0.44153296  0.29299065 -0.21065682]
 [-0.61903074  0.72495227 -1.60683634  0.24633818]
 [-0.90297258  0.05711866  0.01139565  0.90710479]]
[[-0.14754149]
 [ 1.49771214]
 [-2.74803663]
 [-1.01313684]]
[[ 0.00127457  0.00103616  0.00871397 -0.00462079]]
[[-0.01459829  0.01661243  0.01173827  0.00753024]]
[[-0.01407804]]
8319
(165, 201, 221)
[[-1.03065067  0.09882136  0.38926145 -1.4105999 ]
 [ 0.70072554  1.40932312  1.30891937 -1.04468918]]
[[ 0.06032223 -0.08871637 -0.48893787  1.29896788]
 [-2.21255747  0.21163982 -2.02848785  0.18987159]
 [-1.02601614  0.90692443  0.54717316 -0.28737233]
 [-0.28932441  1.7342332   1.24567274 -0.04379676]]
[[ 0.71549154]
 [ 0.09820686]
 [-2.02183397]
 [ 0.42423913]]
[[ 0.03807685  0.03779101 -0.17577366  0.17906985]]
[[ 0.01482902 -0.05133657  0.13074464  0.11334055]]
[[-0.01076871]]
33829
(14, 107, 26)
[[-1.14428173  0.18147936  0.34081436 -1.23287702]
 [ 0.64155476  1.23356077  1.14741021 -1.12117556]]
[[-0.04718039 -0.14402572 -0.55425702  1.21546458]
 [-2.3465127   0.14200155 -2.12720264  0.13050456]
 [-0.98791517  0.98791516  0.78576667 -0.35222636]
 [-0.26794767  1.62820917  1.13313181 -0.08259815]]
[[ 0.61183697]
 [ 0.18679356]
 [-2.03783777]
 [ 0.38736343]]
[[-0.04790319  0.01991071 -0.01998686  0.11973438]]
[[0.00864301 0.02223362 0.10702505 0.07715112]]
[[-0.01782799]]
51794
(51, 116, 178)
[[-1.15107344  0.16423499  0.33105428 -1.1921177 ]
 [ 0.66322387  1.21797069  1.16973297 -1.16482379]]
[[-0.07052101 -0.131582   -0.55840563  1.22944295]
 [-2.32288628  0.13630877 -2.11641854  0.12692056]
 [-0.98012664  0.95263159  0.75840562 -0.34964453]
 [-0.26261211  1.62610887  1.1597642  -0.06196216]]
[[ 0.60851918]
 [ 0.18349516]
 [-2.011478  ]
 [ 0.4029722 ]]
[[-0.04039742  0.01511358 -0.05878767  0.13311247]]
[[-0.00886185  0.01702507  0.09401764  0.03956849]]
[[0.00607727]]
114892
(11, 21, 178)
[[ 1.2912844   0.63804741 -0.17961165  2.04322574]
 [-1.48278973  2.27075994  0.3043686  -1.17779572]]
[[-0.86151903 -0.39677849  1.07539563 -1.45670045]
 [ 1.85673888  1.31536947  0.28520593 -0.59336914]
 [-0.91760959 -0.00223718 -0.51287945  0.4948172 ]
 [ 0.55365857  0.57632722 -0.24462936 -0.95485382]]
[[ 1.87496286]
 [-1.13693167]
 [-0.92391228]
 [ 0.20579685]]
[[-0.0594954   0.02747613 -0.0570947   0.13063284]]
[[-0.01202013 -0.02925759  0.01058914  0.07634623]]
[[-0.01967994]]
8506
(30, 221, 198)
[[ 1.28316613  0.57470765 -0.22005057  2.10671732]
 [-1.46551459  2.12897718  0.10895594 -1.17060454]]
[[-0.88128126 -0.21894197  1.16254523 -1.37854058]
 [ 1.93516762  1.20612404  0.50561961 -0.65880754]
 [-0.83558478  0.0632428  -0.30035404  0.43351934]
 [ 0.56437172  0.44385117  0.07223069 -1.0951072 ]]
[[ 1.94906185]
 [-1.17524891]
 [-0.97184807]
 [ 0.24302916]]
[[-0.11673523  0.05558373  0.06918045  0.01058343]]
[[ 0.04167803 -0.00322712  0.08949465  0.03142942]]
[[-0.19428895]]
23795
(110, 126, 198)
[[ 1.1536208   0.56791756 -0.19398086  2.12505544]
 [-1.50282811  1.99845776  0.14532354 -1.15490985]]
[[-0.78809868 -0.18417221  1.13958704 -1.44805763]
 [ 1.88184116  1.04466801  0.52766572 -0.74300952]
 [-0.80059289  0.10999396 -0.19220942  0.4374697 ]
 [ 0.59060897  0.43571794  0.0579979  -1.03587202]]
[[ 1.98342486]
 [-1.10555613]
 [-0.97420132]
 [ 0.15073232]]
[[-0.15845505  0.03877089  0.04845784 -0.09590763]]
[[0.05004317 0.05993973 0.09613883 0.02658295]]
[[-0.16011214]]
38658
(85, 163, 198)
[[ 1.15199719  0.56906943 -0.19710109  2.11941746]
 [-1.49858462  2.00093769  0.14653042 -1.1623972 ]]
[[-0.78848731 -0.1912089   1.13751002 -1.44748776]
 [ 1.88292177  1.04903132  0.51727249 -0.74040551]
 [-0.79540783  0.1107339  -0.18818456  0.44038241]
 [ 0.59066158  0.43616026  0.05747972 -1.02868058]]
[[ 1.98456067]
 [-1.10391743]
 [-0.9762648 ]
 [ 0.14595902]]
[[-0.15229982  0.04285188  0.05627804 -0.09055571]]
[[0.05011412 0.05408958 0.10813749 0.02487067]]
[[-0.15014261]]
75446
(250, 163, 198)
[[ 1.03108447  0.5316439  -0.06260362  2.12793444]
 [-1.58183206  2.03790477  0.17249522 -1.17716671]]
[[-0.85829982 -0.23255511  1.19564298 -1.447375  ]
 [ 1.87571465  1.14751946  0.67538932 -0.69942526]
 [-0.75605644  0.21076136 -0.34982067  0.21625812]
 [ 0.69119413  0.3080121   0.17184922 -1.05433015]]
[[ 2.02827778]
 [-1.00002359]
 [-0.95212051]
 [ 0.25014367]]
[[-0.15494215  0.11621233  0.02780205 -0.07629445]]
[[0.06086447 0.18629986 0.12029173 0.00529018]]
[[-0.22718439]]
127038
(110, 178, 153)
[[ 1.09822799  0.22525739 -0.23997432  2.06862562]
 [-1.40828727  1.87648215 -0.02069945 -1.07733963]]
[[-0.84088053 -0.27824392  0.9859846  -1.6979773 ]
 [ 1.78637268  0.97557159  0.55496618 -0.49241128]
 [-0.85994295  0.18854582  0.05406186  0.61417944]
 [ 0.69869464  0.47411605  0.11038786 -0.94665096]]
[[ 1.88808149]
 [-0.84821359]
 [-0.81870328]
 [ 0.395482  ]]
[[-0.13414428  0.1399476  -0.07235906 -0.1236244 ]]
[[-0.0445113   0.08827601  0.0721733   0.00054588]]
[[-0.25001334]]
205970
(138, 165, 143)
[[ 1.13143344  0.17174519  0.97959042  0.13878494]
 [ 0.25498296  0.49210729 -1.16052417 -1.1052946 ]]
[[ 0.18446676 -0.61016488 -1.84886274  0.69780878]
 [ 1.94188847 -0.79759916  0.06332959 -0.98628364]
 [ 0.51682227 -0.52037722  0.00652404  1.04405919]
 [-0.63467859  1.50573889  0.25192123 -0.10940023]]
[[ 1.99607602]
 [ 0.18961571]
 [ 0.43098143]
 [-1.04391087]]
[[-0.01607223 -0.01975046 -0.01205842 -0.01004614]]
[[-0.01926227 -0.00664233 -0.0043794  -0.00517589]]
[[-0.00767003]]
15328
(214, 236, 117)
[[ 1.56401808  0.69722707 -1.60045488 -1.53473899]
 [ 1.8275185  -0.41587226  0.15275632  0.27086909]]
[[ 1.33693122  0.15120674  0.28227315  1.63107384]
 [-1.78331713 -0.77283634  1.82735231  0.5279326 ]
 [-0.50659507 -1.38232257  0.1272218   1.05418233]
 [ 0.07782734  0.47221919  0.61274281  1.27761196]]
[[-0.12949259]
 [ 0.80405648]
 [-1.56241399]
 [ 1.24657065]]
[[-0.04841789  0.01709084 -0.0894975   0.00385906]]
[[ 0.03648118 -0.02479436  0.04402078 -0.03465911]]
[[0.03050314]]
11241
(199, 100, 97)
[[ 0.30077011 -0.0618083  -0.12188479 -0.06349444]
 [-0.92669086 -1.52491335 -1.98336154  0.14415398]]
[[ 0.00506925 -0.2056753   0.92276087  0.07820129]
 [-0.4639591  -0.75881434 -0.91153173 -0.51607651]
 [ 1.03209352  1.22841675 -0.93583623  0.19557657]
 [-0.50278306 -0.39956658  1.07866166 -0.85353969]]
[[-0.6975741 ]
 [ 1.48256101]
 [ 1.01585298]
 [ 1.29735308]]
[[-0.38939958  0.06713715 -0.08798937  0.02124983]]
[[-0.00655013 -0.08680508  0.0125059   0.10936096]]
[[-0.14803672]]
19172
(53, 235, 207)
[[ 0.30077011 -0.0618083  -0.12188479 -0.06349444]
 [-0.92669086 -1.52491335 -1.98336154  0.14415398]]
[[ 0.00506925 -0.2056753   0.92276087  0.07820129]
 [-0.4639591  -0.75881434 -0.91153173 -0.51607651]
 [ 1.03209352  1.22841675 -0.93583623  0.19557657]
 [-0.50278306 -0.39956658  1.07866166 -0.85353969]]
[[-0.6975741 ]
 [ 1.48256101]
 [ 1.01585298]
 [ 1.29735308]]
[[-0.38939958  0.06713715 -0.08798937  0.02124983]]
[[-0.00655013 -0.08680508  0.0125059   0.10936096]]
[[-0.14803672]]
140386
(220, 123, 53)
[[-0.39698812 -0.29484325  0.0182177  -0.33371852]
 [ 0.1648802  -0.34835168 -2.10657499 -1.77967931]]
[[-0.5188505   0.14965132 -0.62200104  0.59590604]
 [-0.05986444  1.12348538 -0.16266124 -1.0894521 ]
 [ 2.03036897 -1.40622632 -1.43054324 -0.50048967]
 [-1.26225348  0.08640368 -0.25622686 -1.32911152]]
[[-0.45452221]
 [-0.83838277]
 [ 0.40509775]
 [ 2.10636161]]
[[-0.02613786  0.01655146 -0.01985817  0.00020721]]
[[ 0.00233255  0.00866721 -0.0145989   0.01179282]]
[[-0.00578562]]
8319
(12, 202, 73)
[[-0.34963409 -0.19490024 -0.0477022  -0.32871186]
 [ 0.23644226 -0.19464306 -2.07927254 -1.63865859]]
[[-0.72258367  0.21056652 -0.73686161  0.54045327]
 [-0.08148897  1.05782878  0.07744752 -1.12113078]
 [ 2.05078692 -1.34549041 -1.61816811 -0.64383473]
 [-1.24826197  0.21586193 -0.15524863 -1.368446  ]]
[[-0.48417244]
 [-0.90134088]
 [ 0.48365125]
 [ 2.07305383]]
[[0.00899897 0.11344994 0.20279146 0.00619963]]
[[-0.00224532 -0.12698029  0.01045167  0.1967511 ]]
[[0.04728132]]
12660
(159, 36, 88)
[[-0.33528066 -0.22567951 -0.05947469 -0.34325675]
 [ 0.23102936 -0.2234283  -2.08131008 -1.67893775]]
[[-0.71313781  0.18677541 -0.71942401  0.54993048]
 [-0.08008651  1.03669864  0.05220698 -1.15281828]
 [ 2.01356241 -1.34375481 -1.55308508 -0.69676085]
 [-1.23817197  0.20428658 -0.13472089 -1.37058614]]
[[-0.47311982]
 [-0.8757763 ]
 [ 0.4803631 ]
 [ 2.0795568 ]]
[[0.02682091 0.11051726 0.18777408 0.01461744]]
[[ 0.00464862 -0.10338457  0.01915547  0.17680897]]
[[0.05386691]]
20596
(124, 36, 133)
[[-0.41485001 -0.26406586 -0.1171723  -0.36167022]
 [ 0.25938646 -0.14050956 -2.13335639 -1.65974178]]
[[-0.73931685  0.31118906 -0.7331267   0.65670461]
 [-0.08413562  1.20319819  0.16153207 -1.30292251]
 [ 2.12171722 -1.3472154  -1.5552869  -0.62246631]
 [-1.2087791   0.22132466 -0.17317181 -1.34713251]]
[[-0.49470133]
 [-0.81385995]
 [ 0.46202808]
 [ 2.05373685]]
[[-0.02570265  0.02365856  0.22734754 -0.00503661]]
[[-0.04847348 -0.14119555 -0.06525143  0.13106059]]
[[0.03970729]]
63926
(174, 126, 103)
[[-0.32069942 -0.16140138 -0.07260231 -0.31473284]
 [ 0.23848245 -0.20266985 -2.0517796  -1.63390406]]
[[-0.71868105  0.20305929 -0.74186321  0.51819405]
 [-0.09877514  1.0187296   0.10131433 -1.13101278]
 [ 2.04257124 -1.3516363  -1.62485955 -0.65523408]
 [-1.26620408  0.24993603 -0.18533218 -1.36727844]]
[[-0.49426181]
 [-0.91593592]
 [ 0.53917152]
 [ 2.06882225]]
[[-0.00332146  0.09904529  0.17762178 -0.00019059]]
[[ 0.01024999 -0.17064817 -0.01624407  0.20304377]]
[[0.00757699]]
137097
(174, 131, 103)
[[-0.31643683 -0.1660434  -0.0758716  -0.32010723]
 [ 0.23973077 -0.19437426 -2.06247717 -1.64255227]]
[[-0.71303385  0.20565432 -0.74137946  0.51443177]
 [-0.10010567  1.02173279  0.10737092 -1.12896042]
 [ 2.04718468 -1.35433401 -1.63072271 -0.65485815]
 [-1.26246686  0.25466945 -0.18490199 -1.36840492]]
[[-0.49675096]
 [-0.91313273]
 [ 0.5490767 ]
 [ 2.07289921]]
[[-0.00800973  0.10025031  0.1789458   0.00629636]]
[[ 0.01032836 -0.16999835 -0.01355094  0.20539917]]
[[0.00380284]]
226444
(149, 36, 18)
[[-0.40909039 -0.28033871 -0.17290343 -0.37444857]
 [ 0.28466935 -0.15353764 -2.1172902  -1.71493921]]
[[-0.76932871  0.2627     -0.69248112  0.67436743]
 [-0.10994172  1.25007029  0.11849511 -1.40203142]
 [ 2.17459473 -1.33816095 -1.58929433 -0.56238494]
 [-1.25229223  0.26647089 -0.21099203 -1.39354404]]
[[-0.56550362]
 [-0.83369747]
 [ 0.48051171]
 [ 2.0091939 ]]
[[ 0.03746539  0.05377578  0.16557274 -0.09208373]]
[[-0.03081072 -0.13027339 -0.13038491  0.08769186]]
[[0.02721019]]
350545
(139, 36, 103)
[[-0.67814083 -0.0585872   0.11191586 -0.34257048]
 [-1.15406818 -1.72035829  1.02596321  0.04560855]]
[[ 0.73090063 -0.55674524 -1.83929432  1.46762679]
 [ 0.88599739  0.61628296 -0.14501366 -0.93630129]
 [-0.13231071  1.34534657 -0.1055209  -0.83815506]
 [-1.27074527 -0.77062406 -1.33639814  0.24914961]]
[[-1.68725253]
 [ 0.03501608]
 [-0.02308399]
 [-0.04994567]]
[[ 0.10094034  0.05554276  0.06044348 -0.02036935]]
[[-0.00276605 -0.13250913  0.01308746  0.06881507]]
[[0.03588369]]
10977
(98, 199, 119)
[[ 0.73056604  0.35360408  0.89298931 -0.18482198]
 [ 1.78751095 -0.42601075  0.0945215   0.83535291]]
[[-0.59478375 -1.64050989  1.7875019   0.49256711]
 [-0.46962356  1.42675192  1.94695066  0.1818635 ]
 [ 1.12354502  0.18703564  0.25505556  0.41432726]
 [ 0.42795528  0.230643    0.75794346 -2.32138264]]
[[-0.1161661 ]
 [-0.78823565]
 [ 0.2991613 ]
 [-0.81281875]]
[[0.01733053 0.02828681 0.03999729 0.03573279]]
[[-0.25269798  0.12677188 -0.02519875 -0.0746263 ]]
[[-0.00856815]]
24089
(18, 104, 119)
[[-0.68167444 -0.07349166  0.10384963 -0.33133143]
 [-1.17754475 -1.70250127  1.02883996  0.0495995 ]]
[[ 0.73651541 -0.54811623 -1.83902397  1.470847  ]
 [ 0.89793563  0.6190955  -0.15602947 -0.93403978]
 [-0.14191696  1.33833833 -0.09294415 -0.83000161]
 [-1.27596282 -0.76618797 -1.33406348  0.24990418]]
[[-1.69035725]
 [ 0.04103269]
 [-0.043987  ]
 [-0.04824689]]
[[ 0.1055884   0.07080857  0.07529521 -0.02273818]]
[[ 0.01376995 -0.12913117  0.01561074  0.06300135]]
[[0.04591779]]
37227
(153, 156, 106)
[[-1.86673227e-01  1.25292232e-03  9.07011440e-01  2.59043850e-01]
 [-7.72395387e-01  2.36299349e-01 -3.49399050e-01  1.56517615e+00]]
[[-0.784072    1.65325878 -0.32327042 -0.0896161 ]
 [-2.05917346  1.25553895  0.2579938  -0.35526361]
 [-0.67988323 -0.52947457 -1.42480004 -0.71677685]
 [ 1.036503    2.10234526 -0.66462185 -0.48875284]]
[[-0.17081147]
 [ 0.89242393]
 [ 0.46934968]
 [ 0.14497604]]
[[-0.06283118 -0.1538062  -0.06005934  0.03350596]]
[[ 0.05104363 -0.08295481  0.09374709 -0.00845219]]
[[-0.08217158]]
8375
(208, 173, 134)
[[-0.23683438  0.10616358  0.86531797  0.12265871]
 [-0.68409517  0.24354101 -0.27694603  1.57263936]]
[[-0.75153495  1.595548   -0.36596144 -0.09162334]
 [-2.02025917  1.37602453  0.15409494 -0.49980706]
 [-0.71107244 -0.57940927 -1.46051155 -0.84080022]
 [ 1.05674779  2.04475119 -0.75358634 -0.44558366]]
[[-0.15122055]
 [ 0.67621556]
 [ 0.68932127]
 [ 0.20553458]]
[[-0.03843388 -0.02009938 -0.08085541  0.03351283]]
[[ 0.03384976 -0.05845831  0.04107204 -0.02029765]]
[[-0.07429414]]
89460
(113, 213, 134)
